000     255
001     255
002     255
003     255
005     121
006     104
007     011
008     012
009     020
010     024
011     026
012     042
013     027
014     022
015     038
016     039
017     042
018     050
019     054
020     069
021     064
022     151
023     000
024     000
025     000
026     000
027     000
028     000
029     000
030     000
031     000
032     000
033     000
034     000
035     000
036     000
037     000
038     000
039     000
040     000
041     000
042     000
043     000
044     000
045     000
046     000
047     000
048     000
049     000
050     000
051     000
052     000
053     000
054     000
055     000
056     000
057     000
058     000
059     000
060     000
061     000
062     000
063     000
064     000
065     000
066     000
067     000
068     000
069     000
070     000
071     000
072     000
073     000
074     000
075     000
076     000
077     000
078     000
079     149
080     144
081     080
082     093
083     086
084     048
085     039
086     042
087     036
088     041
089     033
090     029
091     026
092     031
093     027
094     036
095     035
096     255